Frequency (GHz)	DB(|S(2,1)|) : LNA_FF_2V_Bias
1	19.2639
1.01375	19.4455
1.0275	19.7756
1.04125	19.8139
1.055	19.9448
1.06875	19.9796
1.0825	19.7999
1.09625	19.7529
1.11	19.9283
1.12375	19.9427
1.1375	19.9663
1.15125	19.7443
1.165	19.4424
1.17875	19.059
1.1925	18.7457
1.20625	18.2127
1.22	17.4503
1.23375	16.4445
1.2475	15.6018
1.26125	15.2124
1.275	15.9437
1.28875	17.0915
1.3025	17.943
1.31625	18.6828
1.33	19.289
1.34375	19.5597
1.3575	19.6548
1.37125	19.6216
1.385	19.6076
1.39875	19.9436
1.4125	19.9726
1.42625	20.1556
1.44	20.4243
1.45375	20.631
1.4675	20.8973
1.48125	20.9367
1.495	21.0451
1.50875	21.1059
1.5225	21.1034
1.53625	21.0937
1.55	21.1565
1.56375	21.3176
1.5775	21.2991
1.59125	21.2996
1.605	21.2464
1.61875	21.2049
1.6325	21.1909
1.64625	21.2315
1.66	21.1496
1.67375	21.2405
1.6875	21.1693
1.70125	21.0996
1.715	21.1144
1.72875	21.0736
1.7425	21.0685
1.75625	21.0026
1.77	20.946
1.78375	20.9589
1.7975	20.8316
1.81125	20.9227
1.825	20.9584
1.83875	20.745
1.8525	20.7683
1.86625	20.7724
1.88	20.656
1.89375	20.5371
1.9075	20.6577
1.92125	20.5051
1.935	20.4643
1.94875	20.3893
1.9625	20.3251
1.97625	20.2408
1.99	20.24
2.00375	20.2494
2.0175	20.1212
2.03125	20.0956
2.045	20.1349
2.05875	20.1282
2.0725	19.9636
2.08625	19.9209
2.1	19.8489
2.11375	19.7899
2.1275	19.6669
2.14125	19.6885
2.155	19.629
2.16875	19.6141
2.1825	19.4946
2.19625	19.4761
2.21	19.346
2.22375	19.3765
2.2375	19.2356
2.25125	19.1775
2.265	19.1024
2.27875	18.9856
2.2925	18.8991
2.30625	18.84
2.32	18.8705
2.33375	18.8518
2.3475	18.7228
2.36125	18.6367
2.375	18.5846
2.38875	18.4454
2.4025	18.3636
2.41625	18.4237
2.43	18.3191
2.44375	18.2656
2.4575	18.1566
2.47125	18.069
2.485	17.9838
2.49875	17.9939
2.5125	17.8525
2.52625	17.8337
2.54	17.778
2.55375	17.6592
2.5675	17.6176
2.58125	17.5176
2.595	17.4343
2.60875	17.355
2.6225	17.3495
2.63625	17.332
2.65	17.2197
2.66375	17.1019
2.6775	16.9866
2.69125	16.9672
2.705	16.9504
2.71875	16.8279
2.7325	16.7855
2.74625	16.6973
2.76	16.6398
2.77375	16.6058
2.7875	16.4497
2.80125	16.4859
2.815	16.3819
2.82875	16.3614
2.8425	16.1911
2.85625	16.2058
2.87	16.0858
2.88375	16.0963
2.8975	16.0391
2.91125	15.9463
2.925	15.8425
2.93875	15.8122
2.9525	15.7827
2.96625	15.6938
2.98	15.6312
2.99375	15.6147
3.0075	15.5102
3.02125	15.4497
3.035	15.3294
3.04875	15.294
3.0625	15.2748
3.07625	15.1526
3.09	15.1085
3.10375	15.1251
3.1175	15.019
3.13125	14.9227
3.145	14.9144
3.15875	14.8915
3.1725	14.7586
3.18625	14.7062
3.2	14.7066
3.21375	14.5779
3.2275	14.5419
3.24125	14.4566
3.255	14.4228
3.26875	14.3808
3.2825	14.2327
3.29625	14.2236
3.31	14.2193
3.32375	14.1402
3.3375	14.0477
3.35125	13.9984
3.365	13.9551
3.37875	13.9016
3.3925	13.8565
3.40625	13.8307
3.42	13.7386
3.43375	13.6315
3.4475	13.6425
3.46125	13.5826
3.475	13.4379
3.48875	13.386
3.5025	13.414
3.51625	13.2544
3.53	13.2448
3.54375	13.1633
3.5575	13.0737
3.57125	13.0854
3.585	12.9914
3.59875	12.9323
3.6125	12.9199
3.62625	12.8508
3.64	12.7331
3.65375	12.7083
3.6675	12.5631
3.68125	12.6242
3.695	12.4786
3.70875	12.3936
3.7225	12.3827
3.73625	12.3317
3.75	12.1965
3.76375	12.1489
3.7775	12.0947
3.79125	12.0021
3.805	11.9871
3.81875	12.0081
3.8325	11.8877
3.84625	11.7622
3.86	11.7447
3.87375	11.7008
3.8875	11.6132
3.90125	11.5367
3.915	11.4535
3.92875	11.4088
3.9425	11.3518
3.95625	11.2543
3.97	11.1297
3.98375	11.0271
3.9975	11.0596
4.01125	10.9653
4.025	10.9499
4.03875	10.8446
4.0525	10.785
4.06625	10.7245
4.08	10.5979
4.09375	10.5827
4.1075	10.4186
4.12125	10.4389
4.135	10.3995
4.14875	10.3171
4.1625	10.1261
4.17625	10.106
4.19	9.99207
4.20375	9.95189
4.2175	9.8868
4.23125	9.8296
4.245	9.72413
4.25875	9.65138
4.2725	9.54826
4.28625	9.44535
4.3	9.26558
4.31375	9.24838
4.3275	9.14826
4.34125	8.98729
4.355	8.89148
4.36875	8.83274
4.3825	8.67048
4.39625	8.57367
4.41	8.45059
4.42375	8.25134
4.4375	8.1741
4.45125	8.03266
4.465	7.90451
4.47875	7.7704
4.4925	7.67587
4.50625	7.47049
4.52	7.33738
4.53375	7.21812
4.5475	6.97412
4.56125	6.82809
4.575	6.73943
4.58875	6.5836
4.6025	6.51369
4.61625	6.34677
4.63	6.30861
4.64375	6.25791
4.6575	6.35949
4.67125	6.33609
4.685	6.4342
4.69875	6.28398
4.7125	6.40926
4.72625	6.35801
4.74	6.41727
4.75375	6.55639
4.7675	6.69759
4.78125	6.70003
4.795	6.66371
4.80875	6.64085
4.8225	6.71998
4.83625	6.79416
4.85	6.79527
4.86375	6.89139
4.8775	6.92524
4.89125	6.98171
4.905	6.9396
4.91875	7.02405
4.9325	6.9589
4.94625	7.04344
4.96	6.99557
4.97375	6.98897
4.9875	7.04323
5.00125	7.09066
5.015	7.0035
5.02875	6.96101
5.0425	7.11186
5.05625	6.96816
5.07	6.94759
5.08375	6.93106
5.0975	6.92749
5.11125	6.91088
5.125	6.91639
5.13875	6.9486
5.1525	6.94791
5.16625	6.91345
5.18	6.88702
5.19375	6.71889
5.2075	6.78227
5.22125	6.75551
5.235	6.78084
5.24875	6.79796
5.2625	6.64665
5.27625	6.69182
5.29	6.64129
5.30375	6.6115
5.3175	6.53164
5.33125	6.57892
5.345	6.53813
5.35875	6.53981
5.3725	6.44497
5.38625	6.48475
5.4	6.38736
5.41375	6.38126
5.4275	6.35849
5.44125	6.35959
5.455	6.2932
5.46875	6.27775
5.4825	6.13583
5.49625	6.11742
5.51	6.13778
5.52375	6.1505
5.5375	6.22548
5.55125	6.07101
5.565	5.93691
5.57875	5.84476
5.5925	5.82052
5.60625	5.84247
5.62	5.77711
5.63375	5.7875
5.6475	5.77116
5.66125	5.6153
5.675	5.5058
5.68875	5.50211
5.7025	5.61491
5.71625	5.42742
5.73	5.44931
5.74375	5.41285
5.7575	5.35677
5.77125	5.21067
5.785	5.21901
5.79875	5.11874
5.8125	5.11818
5.82625	5.16441
5.84	5.07108
5.85375	5.02715
5.8675	4.87398
5.88125	5.00527
5.895	4.79457
5.90875	4.69523
5.9225	4.76822
5.93625	4.64453
5.95	4.49493
5.96375	4.43181
5.9775	4.38583
5.99125	4.41041
6.005	4.33862
6.01875	4.27193
6.0325	4.17028
6.04625	4.14208
6.06	4.02386
6.07375	3.8496
6.0875	3.93722
6.10125	3.73948
6.115	3.73722
6.12875	3.70393
6.1425	3.6201
6.15625	3.52022
6.17	3.55225
6.18375	3.42032
6.1975	3.33686
6.21125	3.35008
6.225	3.19385
6.23875	3.07716
6.2525	2.97748
6.26625	2.89592
6.28	2.84217
6.29375	2.80581
6.3075	2.6369
6.32125	2.61947
6.335	2.47149
6.34875	2.42669
6.3625	2.38794
6.37625	2.24569
6.39	2.091
6.40375	2.09171
6.4175	2.08472
6.43125	1.78509
6.445	1.6277
6.45875	1.63673
6.4725	1.5436
6.48625	1.41011
6.5	1.34965
6.51375	1.1423
6.5275	1.06469
6.54125	0.851612
6.555	0.858355
6.56875	0.743862
6.5825	0.518126
6.59625	0.466875
6.61	0.433995
6.62375	0.290871
6.6375	0.377606
6.65125	0.201295
6.665	0.191584
6.67875	0.209444
6.6925	0.047466
6.70625	0.128878
6.72	0.0972957
6.73375	0.0959879
6.7475	0.0551059
6.76125	-0.0494283
6.775	-0.0185675
6.78875	-0.174482
6.8025	-0.240579
6.81625	-0.2951
6.83	-0.25737
6.84375	-0.446179
6.8575	-0.559252
6.87125	-0.475639
6.885	-0.761354
6.89875	-0.820632
6.9125	-0.963812
6.92625	-0.94039
6.94	-1.0156
6.95375	-1.08724
6.9675	-1.23839
6.98125	-1.17728
6.995	-1.63275
7.00875	-1.45522
7.0225	-1.59372
7.03625	-1.79016
7.05	-1.83759
7.06375	-2.07694
7.0775	-2.13061
7.09125	-2.19653
7.105	-2.26638
7.11875	-2.4633
7.1325	-2.61199
7.14625	-2.54491
7.16	-2.90385
7.17375	-3.08065
7.1875	-2.95416
7.20125	-3.23656
7.215	-3.36744
7.22875	-3.42757
7.2425	-3.56323
7.25625	-3.62416
7.27	-3.97692
7.28375	-3.85493
7.2975	-4.12316
7.31125	-4.34516
7.325	-4.34301
7.33875	-4.4224
7.3525	-4.48925
7.36625	-4.92633
7.38	-4.8179
7.39375	-4.99986
7.4075	-5.11793
7.42125	-5.27452
7.435	-5.48423
7.44875	-5.38711
7.4625	-5.8104
7.47625	-5.81246
7.49	-6.06131
7.50375	-6.07523
7.5175	-6.33521
7.53125	-6.39326
7.545	-6.70229
7.55875	-7.04549
7.5725	-7.033
7.58625	-7.13754
7.6	-7.30428
7.61375	-7.39214
7.6275	-7.64538
7.64125	-7.71749
7.655	-8.09175
7.66875	-8.14977
7.6825	-8.29462
7.69625	-8.47737
7.71	-8.57372
7.72375	-8.89444
7.7375	-9.16342
7.75125	-9.18705
7.765	-9.61757
7.77875	-9.5263
7.7925	-9.59683
7.80625	-9.81392
7.82	-10.0534
7.83375	-10.5411
7.8475	-10.7621
7.86125	-10.8726
7.875	-10.7819
7.88875	-10.9644
7.9025	-11.2989
7.91625	-11.5756
7.93	-11.6301
7.94375	-11.9081
7.9575	-12.1975
7.97125	-12.3331
7.985	-12.6945
7.99875	-13.1847
8.0125	-13.1948
8.02625	-13.2441
8.04	-13.8459
8.05375	-13.9238
8.0675	-14.0194
8.08125	-14.2129
8.095	-14.416
8.10875	-14.9774
8.1225	-15.0118
8.13625	-15.3725
8.15	-15.5004
8.16375	-16.1137
8.1775	-16.3458
8.19125	-16.4979
8.205	-16.5249
8.21875	-17.5309
8.2325	-17.2074
8.24625	-17.1477
8.26	-18.279
8.27375	-18.4477
8.2875	-18.1325
8.30125	-19.1101
8.315	-19.2894
8.32875	-19.1386
8.3425	-19.7954
8.35625	-20.5956
8.37	-20.7998
8.38375	-20.7805
8.3975	-22.0485
8.41125	-22.1303
8.425	-22.761
8.43875	-21.7057
8.4525	-22.5015
8.46625	-23.1001
8.48	-23.765
8.49375	-24.546
8.5075	-24.4544
8.52125	-25.8139
8.535	-25.3413
8.54875	-26.317
8.5625	-26.9936
8.57625	-28.1435
8.59	-27.435
8.60375	-27.9203
8.6175	-28.7644
8.63125	-29.3665
8.645	-30.3977
8.65875	-32.5754
8.6725	-33.5345
8.68625	-32.1647
8.7	-34.5622
8.71375	-36.0073
8.7275	-34.3021
8.74125	-36.1029
8.755	-36.1548
8.76875	-37.3404
8.7825	-37.1754
8.79625	-34.7209
8.81	-34.841
8.82375	-36.1061
8.8375	-33.3107
8.85125	-31.9501
8.865	-33.3133
8.87875	-35.5307
8.8925	-29.9586
8.90625	-31.8459
8.92	-29.331
8.93375	-28.5424
8.9475	-29.7899
8.96125	-29.6329
8.975	-28.7916
8.98875	-31.4642
9.0025	-28.4033
9.01625	-28.1492
9.03	-27.4812
9.04375	-27.7474
9.0575	-27.3489
9.07125	-28.7947
9.085	-28.6172
9.09875	-28.1435
9.1125	-27.908
9.12625	-27.4098
9.14	-29.099
9.15375	-27.025
9.1675	-27.1946
9.18125	-27.3029
9.195	-26.134
9.20875	-26.6855
9.2225	-26.9902
9.23625	-26.7945
9.25	-25.9332
9.26375	-26.6047
9.2775	-27.6835
9.29125	-25.6717
9.305	-27.7516
9.31875	-26.7232
9.3325	-27.3669
9.34625	-27.6213
9.36	-27.4859
9.37375	-26.1426
9.3875	-26.7958
9.40125	-26.3187
9.415	-25.7076
9.42875	-25.6425
9.4425	-25.9151
9.45625	-26.019
9.47	-25.3125
9.48375	-25.7628
9.4975	-25.3204
9.51125	-25.0534
9.525	-24.1238
9.53875	-23.9447
9.5525	-24.5582
9.56625	-23.995
9.58	-25.998
9.59375	-24.319
9.6075	-23.949
9.62125	-24.1664
9.635	-24.7002
9.64875	-26.1481
9.6625	-24.2828
9.67625	-24.6919
9.69	-24.8834
9.70375	-23.7067
9.7175	-23.5209
9.73125	-24.2215
9.745	-24.4155
9.75875	-24.0903
9.7725	-24.5437
9.78625	-24.5148
9.8	-24.4367
9.81375	-25.4216
9.8275	-23.7414
9.84125	-23.8831
9.855	-23.914
9.86875	-23.4027
9.8825	-24.2186
9.89625	-24.0488
9.91	-24.2264
9.92375	-24.172
9.9375	-23.9356
9.95125	-24.4861
9.965	-25.0007
9.97875	-23.5859
9.9925	-24.4256
10.0063	-22.7837
10.02	-23.6153
10.0338	-23.9462
10.0475	-24.4771
10.0612	-23.9466
10.075	-24.186
10.0887	-23.2533
10.1025	-24.2642
10.1163	-24.5558
10.13	-24.5153
10.1438	-24.3583
10.1575	-24.1935
10.1713	-23.2484
10.185	-24.6145
10.1988	-24.0209
10.2125	-23.2894
10.2263	-24.0332
10.24	-24.5863
10.2538	-23.8964
10.2675	-23.738
10.2813	-24.4714
10.295	-23.8209
10.3088	-23.7086
10.3225	-23.7005
10.3363	-23.4328
10.35	-24.5812
10.3638	-23.2307
10.3775	-23.1226
10.3912	-23.7399
10.405	-23.4382
10.4187	-23.8165
10.4325	-24.3323
10.4462	-23.0369
10.46	-25.072
10.4738	-22.935
10.4875	-23.6911
10.5013	-24.0423
10.515	-23.6058
10.5288	-24.25
10.5425	-22.8296
10.5563	-23.6949
10.57	-23.0781
10.5838	-24.2022
10.5975	-23.5873
10.6113	-24.3596
10.625	-23.4627
10.6388	-24.0673
10.6525	-22.7259
10.6663	-24.5278
10.68	-22.8113
10.6938	-24.6153
10.7075	-23.8617
10.7213	-24.2593
10.735	-23.0973
10.7487	-23.2987
10.7625	-22.602
10.7762	-23.5409
10.79	-23.8045
10.8038	-23.3629
10.8175	-23.6848
10.8313	-23.8928
10.845	-24.152
10.8588	-23.3461
10.8725	-24.5814
10.8863	-22.2759
10.9	-24.1788
10.9138	-22.9285
10.9275	-23.0855
10.9413	-23.2562
10.955	-24.1785
10.9688	-23.2937
10.9825	-23.4711
10.9963	-22.6597
11.01	-22.7526
11.0238	-22.9958
11.0375	-21.9828
11.0513	-23.0135
11.065	-23.5105
11.0787	-22.5486
11.0925	-21.866
11.1062	-22.4642
11.12	-22.8228
11.1337	-21.653
11.1475	-20.6342
11.1613	-21.3878
11.175	-21.6228
11.1888	-20.7159
11.2025	-20.4085
11.2163	-21.8121
11.23	-20.7631
11.2438	-20.7071
11.2575	-20.3013
11.2713	-20.832
11.285	-21.0802
11.2988	-21.9376
11.3125	-20.8273
11.3263	-21.1713
11.34	-22.6242
11.3538	-21.5329
11.3675	-22.701
11.3813	-22.6474
11.395	-22.9244
11.4088	-23.0957
11.4225	-23.3004
11.4362	-22.6839
11.45	-23.5557
11.4637	-22.976
11.4775	-25.1092
11.4913	-23.4679
11.505	-24.1905
11.5188	-23.8927
11.5325	-22.9874
11.5463	-22.4364
11.56	-23.7667
11.5738	-23.4566
11.5875	-22.8437
11.6013	-23.6016
11.615	-22.5108
11.6288	-22.9937
11.6425	-23.0381
11.6563	-22.4718
11.67	-22.8283
11.6838	-23.4025
11.6975	-22.5278
11.7113	-22.2768
11.725	-22.9756
11.7388	-22.7673
11.7525	-22.4153
11.7662	-21.1813
11.78	-22.8454
11.7937	-21.7354
11.8075	-22.4256
11.8212	-22.9343
11.835	-21.6607
11.8488	-23.0656
11.8625	-21.9156
11.8763	-21.9335
11.89	-22.5834
11.9038	-22.5542
11.9175	-22.2469
11.9313	-21.8067
11.945	-22.8605
11.9588	-23.4934
11.9725	-22.6511
11.9863	-22.3751
12	-23.5646
