Frequency (GHz)	DB(|S(2,1)|) : Filter_FF
1	-0.169849
1.01375	-0.165657
1.0275	-0.165559
1.04125	-0.160521
1.055	-0.167995
1.06875	-0.16779
1.0825	-0.158983
1.09625	-0.162937
1.11	-0.173343
1.12375	-0.164756
1.1375	-0.166431
1.15125	-0.174351
1.165	-0.164267
1.17875	-0.176413
1.1925	-0.17469
1.20625	-0.182263
1.22	-0.178748
1.23375	-0.178889
1.2475	-0.177114
1.26125	-0.181659
1.275	-0.1806
1.28875	-0.190615
1.3025	-0.190492
1.31625	-0.188199
1.33	-0.1892
1.34375	-0.198619
1.3575	-0.190747
1.37125	-0.19104
1.385	-0.196453
1.39875	-0.199677
1.4125	-0.196805
1.42625	-0.196796
1.44	-0.193812
1.45375	-0.196488
1.4675	-0.2064
1.48125	-0.20537
1.495	-0.205129
1.50875	-0.200427
1.5225	-0.198179
1.53625	-0.206037
1.55	-0.203317
1.56375	-0.212154
1.5775	-0.213395
1.59125	-0.217524
1.605	-0.209968
1.61875	-0.214179
1.6325	-0.214116
1.64625	-0.212744
1.66	-0.223174
1.67375	-0.214767
1.6875	-0.221935
1.70125	-0.220585
1.715	-0.223848
1.72875	-0.219628
1.7425	-0.227493
1.75625	-0.222892
1.77	-0.231439
1.78375	-0.232019
1.7975	-0.231389
1.81125	-0.228649
1.825	-0.231034
1.83875	-0.236691
1.8525	-0.242696
1.86625	-0.237719
1.88	-0.24261
1.89375	-0.234741
1.9075	-0.242012
1.92125	-0.241613
1.935	-0.243611
1.94875	-0.243753
1.9625	-0.247469
1.97625	-0.250083
1.99	-0.248464
2.00375	-0.247281
2.0175	-0.253286
2.03125	-0.249755
2.045	-0.258315
2.05875	-0.257123
2.0725	-0.255829
2.08625	-0.254333
2.1	-0.258513
2.11375	-0.260659
2.1275	-0.255934
2.14125	-0.262639
2.155	-0.262113
2.16875	-0.267268
2.1825	-0.267291
2.19625	-0.265294
2.21	-0.269845
2.22375	-0.262188
2.2375	-0.267245
2.25125	-0.26391
2.265	-0.267704
2.27875	-0.27208
2.2925	-0.280903
2.30625	-0.270446
2.32	-0.276642
2.33375	-0.28186
2.3475	-0.288456
2.36125	-0.286787
2.375	-0.279318
2.38875	-0.281987
2.4025	-0.280961
2.41625	-0.289032
2.43	-0.28466
2.44375	-0.298744
2.4575	-0.289903
2.47125	-0.290391
2.485	-0.296074
2.49875	-0.294918
2.5125	-0.290107
2.52625	-0.295825
2.54	-0.293469
2.55375	-0.296285
2.5675	-0.28954
2.58125	-0.295745
2.595	-0.307147
2.60875	-0.315179
2.6225	-0.307308
2.63625	-0.296076
2.65	-0.307625
2.66375	-0.307344
2.6775	-0.31027
2.69125	-0.314046
2.705	-0.330806
2.71875	-0.311277
2.7325	-0.315527
2.74625	-0.316121
2.76	-0.325127
2.77375	-0.325827
2.7875	-0.320555
2.80125	-0.333794
2.815	-0.330507
2.82875	-0.322924
2.8425	-0.322995
2.85625	-0.323437
2.87	-0.331472
2.88375	-0.333963
2.8975	-0.336156
2.91125	-0.343939
2.925	-0.346358
2.93875	-0.346634
2.9525	-0.344365
2.96625	-0.340037
2.98	-0.342826
2.99375	-0.352815
3.0075	-0.357639
3.02125	-0.355488
3.035	-0.351661
3.04875	-0.349853
3.0625	-0.356314
3.07625	-0.362981
3.09	-0.364671
3.10375	-0.371541
3.1175	-0.361988
3.13125	-0.366635
3.145	-0.366107
3.15875	-0.366414
3.1725	-0.375248
3.18625	-0.369894
3.2	-0.376441
3.21375	-0.376823
3.2275	-0.378813
3.24125	-0.378035
3.255	-0.389613
3.26875	-0.393277
3.2825	-0.391736
3.29625	-0.388978
3.31	-0.387378
3.32375	-0.404905
3.3375	-0.405499
3.35125	-0.401133
3.365	-0.407179
3.37875	-0.421928
3.3925	-0.416667
3.40625	-0.415735
3.42	-0.418977
3.43375	-0.411541
3.4475	-0.419249
3.46125	-0.424549
3.475	-0.429001
3.48875	-0.43215
3.5025	-0.433429
3.51625	-0.430193
3.53	-0.443545
3.54375	-0.436329
3.5575	-0.448722
3.57125	-0.443733
3.585	-0.450749
3.59875	-0.457413
3.6125	-0.45464
3.62625	-0.456892
3.64	-0.459836
3.65375	-0.45727
3.6675	-0.460948
3.68125	-0.470654
3.695	-0.468246
3.70875	-0.469623
3.7225	-0.47369
3.73625	-0.478475
3.75	-0.480306
3.76375	-0.47919
3.7775	-0.476808
3.79125	-0.488573
3.805	-0.48559
3.81875	-0.494066
3.8325	-0.489749
3.84625	-0.503646
3.86	-0.500754
3.87375	-0.501539
3.8875	-0.492943
3.90125	-0.50928
3.915	-0.505377
3.92875	-0.514144
3.9425	-0.513308
3.95625	-0.516225
3.97	-0.521121
3.98375	-0.526601
3.9975	-0.516466
4.01125	-0.529255
4.025	-0.532567
4.03875	-0.533141
4.0525	-0.52964
4.06625	-0.526642
4.08	-0.539144
4.09375	-0.524189
4.1075	-0.53517
4.12125	-0.540413
4.135	-0.540983
4.14875	-0.539812
4.1625	-0.541447
4.17625	-0.538595
4.19	-0.543118
4.20375	-0.549294
4.2175	-0.553221
4.23125	-0.553262
4.245	-0.552691
4.25875	-0.554783
4.2725	-0.557933
4.28625	-0.56088
4.3	-0.562336
4.31375	-0.559995
4.3275	-0.564322
4.34125	-0.563375
4.355	-0.572537
4.36875	-0.567855
4.3825	-0.579725
4.39625	-0.571199
4.41	-0.584311
4.42375	-0.569045
4.4375	-0.572639
4.45125	-0.570269
4.465	-0.582909
4.47875	-0.58442
4.4925	-0.593622
4.50625	-0.593164
4.52	-0.596896
4.53375	-0.593437
4.5475	-0.593953
4.56125	-0.605889
4.575	-0.59651
4.58875	-0.612366
4.6025	-0.603047
4.61625	-0.619559
4.63	-0.616717
4.64375	-0.621324
4.6575	-0.61494
4.67125	-0.628931
4.685	-0.634537
4.69875	-0.652015
4.7125	-0.641506
4.72625	-0.645277
4.74	-0.657849
4.75375	-0.658896
4.7675	-0.666293
4.78125	-0.672388
4.795	-0.694825
4.80875	-0.683599
4.8225	-0.694639
4.83625	-0.696405
4.85	-0.713111
4.86375	-0.722443
4.8775	-0.736528
4.89125	-0.745082
4.905	-0.753463
4.91875	-0.76564
4.9325	-0.779842
4.94625	-0.78957
4.96	-0.800235
4.97375	-0.82304
4.9875	-0.819874
5.00125	-0.848101
5.015	-0.869199
5.02875	-0.891295
5.0425	-0.901846
5.05625	-0.895254
5.07	-0.913445
5.08375	-0.95833
5.0975	-0.96742
5.11125	-1.00272
5.125	-1.03209
5.13875	-1.04965
5.1525	-1.09768
5.16625	-1.11395
5.18	-1.14987
5.19375	-1.17674
5.2075	-1.18818
5.22125	-1.22629
5.235	-1.27793
5.24875	-1.2914
5.2625	-1.35761
5.27625	-1.3821
5.29	-1.46408
5.30375	-1.48745
5.3175	-1.51132
5.33125	-1.59191
5.345	-1.6484
5.35875	-1.69286
5.3725	-1.7411
5.38625	-1.82399
5.4	-1.89012
5.41375	-1.9262
5.4275	-2.02076
5.44125	-2.10584
5.455	-2.16132
5.46875	-2.25733
5.4825	-2.34013
5.49625	-2.42549
5.51	-2.5492
5.52375	-2.61273
5.5375	-2.74054
5.55125	-2.81915
5.565	-2.96264
5.57875	-3.06957
5.5925	-3.20742
5.60625	-3.33461
5.62	-3.47755
5.63375	-3.58818
5.6475	-3.75103
5.66125	-3.901
5.675	-4.06271
5.68875	-4.23159
5.7025	-4.41529
5.71625	-4.60095
5.73	-4.78061
5.74375	-4.99014
5.7575	-5.18465
5.77125	-5.41417
5.785	-5.60134
5.79875	-5.84807
5.8125	-6.06597
5.82625	-6.32486
5.84	-6.57951
5.85375	-6.82371
5.8675	-7.11297
5.88125	-7.36256
5.895	-7.64169
5.90875	-7.898
5.9225	-8.21904
5.93625	-8.5265
5.95	-8.82721
5.96375	-9.12186
5.9775	-9.46968
5.99125	-9.78248
6.005	-10.1387
6.01875	-10.476
6.0325	-10.8713
6.04625	-11.2228
6.06	-11.5795
6.07375	-11.9586
6.0875	-12.3828
6.10125	-12.7511
6.115	-13.146
6.12875	-13.5376
6.1425	-13.9905
6.15625	-14.4194
6.17	-14.8755
6.18375	-15.3126
6.1975	-15.7756
6.21125	-16.2326
6.225	-16.6959
6.23875	-17.2109
6.2525	-17.6603
6.26625	-18.1428
6.28	-18.7068
6.29375	-19.2882
6.3075	-19.808
6.32125	-20.4213
6.335	-20.9573
6.34875	-21.5738
6.3625	-22.1722
6.37625	-22.8963
6.39	-23.526
6.40375	-24.2767
6.4175	-24.995
6.43125	-25.7072
6.445	-26.6343
6.45875	-27.3858
6.4725	-28.3679
6.48625	-29.2948
6.5	-30.3414
6.51375	-31.4655
6.5275	-32.5739
6.54125	-34.0568
6.555	-35.3148
6.56875	-36.9252
6.5825	-38.5079
6.59625	-39.6911
6.61	-40.5052
6.62375	-40.2738
6.6375	-40.0894
6.65125	-38.8576
6.665	-37.7186
6.67875	-36.5267
6.6925	-35.7321
6.70625	-34.7467
6.72	-33.8353
6.73375	-33.016
6.7475	-32.2325
6.76125	-31.7422
6.775	-31.1433
6.78875	-30.6148
6.8025	-30.1678
6.81625	-29.659
6.83	-29.4095
6.84375	-28.9878
6.8575	-28.5997
6.87125	-28.2736
6.885	-28.0096
6.89875	-27.7328
6.9125	-27.4314
6.92625	-27.2008
6.94	-27.0146
6.95375	-26.7906
6.9675	-26.5938
6.98125	-26.453
6.995	-26.2437
7.00875	-26.058
7.0225	-25.954
7.03625	-25.7933
7.05	-25.6311
7.06375	-25.5723
7.0775	-25.3139
7.09125	-25.2681
7.105	-25.1092
7.11875	-25.0643
7.1325	-24.9248
7.14625	-24.8206
7.16	-24.719
7.17375	-24.6268
7.1875	-24.5643
7.20125	-24.4986
7.215	-24.3956
7.22875	-24.3153
7.2425	-24.2972
7.25625	-24.2727
7.27	-24.1667
7.28375	-24.103
7.2975	-24.0565
7.31125	-24.005
7.325	-23.9084
7.33875	-23.942
7.3525	-23.837
7.36625	-23.7992
7.38	-23.7982
7.39375	-23.7263
7.4075	-23.7185
7.42125	-23.7355
7.435	-23.6074
7.44875	-23.6681
7.4625	-23.6287
7.47625	-23.6498
7.49	-23.5569
7.50375	-23.5605
7.5175	-23.6143
7.53125	-23.5575
7.545	-23.56
7.55875	-23.5137
7.5725	-23.5616
7.58625	-23.5996
7.6	-23.5203
7.61375	-23.5191
7.6275	-23.5902
7.64125	-23.5039
7.655	-23.5512
7.66875	-23.592
7.6825	-23.5568
7.69625	-23.6403
7.71	-23.6307
7.72375	-23.647
7.7375	-23.714
7.75125	-23.7445
7.765	-23.7304
7.77875	-23.7055
7.7925	-23.8079
7.80625	-23.804
7.82	-23.8558
7.83375	-23.8828
7.8475	-23.9479
7.86125	-23.9896
7.875	-24.1039
7.88875	-24.0724
7.9025	-24.1618
7.91625	-24.1466
7.93	-24.261
7.94375	-24.2922
7.9575	-24.3518
7.97125	-24.5053
7.985	-24.5475
7.99875	-24.5879
8.0125	-24.6542
8.02625	-24.7201
8.04	-24.6934
8.05375	-24.8368
8.0675	-24.9419
8.08125	-25.0266
8.095	-25.1604
8.10875	-25.1525
8.1225	-25.3376
8.13625	-25.4651
8.15	-25.482
8.16375	-25.548
8.1775	-25.5769
8.19125	-25.8363
8.205	-25.8445
8.21875	-25.9425
8.2325	-26.1382
8.24625	-26.0811
8.26	-26.16
8.27375	-26.4338
8.2875	-26.5049
8.30125	-26.6052
8.315	-26.7053
8.32875	-26.8797
8.3425	-27.0075
8.35625	-27.0603
8.37	-27.1649
8.38375	-27.2721
8.3975	-27.4994
8.41125	-27.3747
8.425	-27.7942
8.43875	-27.8273
8.4525	-27.8939
8.46625	-28.1477
8.48	-28.177
8.49375	-28.3108
8.5075	-28.4407
8.52125	-28.582
8.535	-28.8587
8.54875	-28.9507
8.5625	-29.1038
8.57625	-29.128
8.59	-29.3364
8.60375	-29.5359
8.6175	-29.7576
8.63125	-29.8818
8.645	-30.0303
8.65875	-30.1353
8.6725	-30.442
8.68625	-30.643
8.7	-30.8857
8.71375	-30.9289
8.7275	-31.0022
8.74125	-31.2841
8.755	-31.296
8.76875	-31.6251
8.7825	-31.9022
8.79625	-32.1221
8.81	-32.1038
8.82375	-32.5798
8.8375	-32.7899
8.85125	-32.9465
8.865	-32.9931
8.87875	-33.2868
8.8925	-33.3338
8.90625	-33.4818
8.92	-33.8563
8.93375	-33.9586
8.9475	-34.0441
8.96125	-34.1986
8.975	-34.4524
8.98875	-34.3489
9.0025	-34.698
9.01625	-34.452
9.03	-34.4999
9.04375	-34.4582
9.0575	-34.3123
9.07125	-34.1429
9.085	-34.2134
9.09875	-33.9754
9.1125	-33.6837
9.12625	-33.6694
9.14	-33.4007
9.15375	-33.1546
9.1675	-32.8969
9.18125	-32.5115
9.195	-32.5678
9.20875	-32.2841
9.2225	-31.9913
9.23625	-31.977
9.25	-31.7041
9.26375	-31.744
9.2775	-31.7445
9.29125	-31.6293
9.305	-31.7926
9.31875	-31.521
9.3325	-31.617
9.34625	-31.7932
9.36	-31.7945
9.37375	-31.9202
9.3875	-32.0691
9.40125	-32.1529
9.415	-32.0833
9.42875	-32.4274
9.4425	-32.6754
9.45625	-32.9538
9.47	-32.9717
9.48375	-33.2751
9.4975	-33.3986
9.51125	-33.5245
9.525	-33.9974
9.53875	-33.9531
9.5525	-34.0901
9.56625	-34.4136
9.58	-34.7389
9.59375	-34.6781
9.6075	-35.1058
9.62125	-35.2111
9.635	-35.4673
9.64875	-35.8289
9.6625	-35.9436
9.67625	-36.3774
9.69	-36.1688
9.70375	-36.6084
9.7175	-36.7322
9.73125	-37.1011
9.745	-37.3984
9.75875	-37.719
9.7725	-37.6664
9.78625	-38.3036
9.8	-38.763
9.81375	-38.1818
9.8275	-38.9081
9.84125	-39.0533
9.855	-39.7521
9.86875	-40.1458
9.8825	-40.2271
9.89625	-40.6133
9.91	-40.588
9.92375	-40.9562
9.9375	-41.504
9.95125	-41.4897
9.965	-42.517
9.97875	-42.3044
9.9925	-43.5508
10.0063	-42.7375
10.02	-43.5207
10.0338	-43.7004
10.0475	-44.7841
10.0612	-44.8061
10.075	-45.4131
10.0887	-45.2989
10.1025	-45.9446
10.1163	-46.6863
10.13	-46.8391
10.1438	-47.8275
10.1575	-47.4614
10.1713	-48.612
10.185	-48.0498
10.1988	-49.064
10.2125	-49.6271
10.2263	-50.2433
10.24	-51.2479
10.2538	-51.527
10.2675	-50.8093
10.2813	-50.0482
10.295	-50.5032
10.3088	-49.219
10.3225	-49.2275
10.3363	-49.7239
10.35	-50.2591
10.3638	-48.1172
10.3775	-47.8761
10.3912	-48.0727
10.405	-46.9435
10.4187	-47.0906
10.4325	-45.997
10.4462	-45.7008
10.46	-46.4698
10.4738	-44.4541
10.4875	-44.5739
10.5013	-45.1186
10.515	-44.3351
10.5288	-42.6562
10.5425	-42.5177
10.5563	-43.5004
10.57	-42.1108
10.5838	-41.7801
10.5975	-41.395
10.6113	-41.4587
10.625	-41.0424
10.6388	-40.9244
10.6525	-40.6221
10.6663	-39.9892
10.68	-39.9075
10.6938	-40.1792
10.7075	-39.4826
10.7213	-39.6455
10.735	-39.0511
10.7487	-39.2181
10.7625	-38.9952
10.7762	-38.4291
10.79	-38.0963
10.8038	-38.0389
10.8175	-38.1487
10.8313	-37.7115
10.845	-38.104
10.8588	-37.4979
10.8725	-37.2451
10.8863	-36.9441
10.9	-37.0922
10.9138	-36.4418
10.9275	-36.9905
10.9413	-36.5382
10.955	-36.2467
10.9688	-36.0035
10.9825	-35.7967
10.9963	-36.0178
11.01	-35.5771
11.0238	-35.4787
11.0375	-35.4212
11.0513	-35.4282
11.065	-35.2578
11.0787	-34.8383
11.0925	-34.9649
11.1062	-34.932
11.12	-34.736
11.1337	-34.4808
11.1475	-34.3388
11.1613	-34.3482
11.175	-34.044
11.1888	-33.87
11.2025	-34.1604
11.2163	-33.6325
11.23	-33.8044
11.2438	-33.6203
11.2575	-33.4791
11.2713	-33.4317
11.285	-33.1678
11.2988	-33.2892
11.3125	-32.9854
11.3263	-32.9022
11.34	-32.7134
11.3538	-32.5873
11.3675	-32.6458
11.3813	-32.7475
11.395	-32.4752
11.4088	-32.4187
11.4225	-32.3733
11.4362	-32.1212
11.45	-32.0499
11.4637	-31.9756
11.4775	-31.9903
11.4913	-31.9333
11.505	-31.7912
11.5188	-31.7409
11.5325	-31.674
11.5463	-31.5304
11.56	-31.4943
11.5738	-31.4254
11.5875	-31.3035
11.6013	-31.1181
11.615	-31.2205
11.6288	-31.0474
11.6425	-30.9591
11.6563	-30.8203
11.67	-30.7554
11.6838	-30.7381
11.6975	-30.5833
11.7113	-30.4921
11.725	-30.4169
11.7388	-30.5021
11.7525	-30.3805
11.7662	-30.4107
11.78	-30.1649
11.7937	-30.0673
11.8075	-29.8827
11.8212	-29.8877
11.835	-29.8776
11.8488	-29.8474
11.8625	-29.7814
11.8763	-29.5671
11.89	-29.5379
11.9038	-29.4032
11.9175	-29.4801
11.9313	-29.514
11.945	-29.483
11.9588	-29.4125
11.9725	-29.1084
11.9863	-29.1653
12	-29.1749
